339679,
343889,
000701,
352501,
304701,
335690,
357391,
382876,
319996,
317144,
312363,
335100,
303976,
325571,
319121,
343269,
344885,
312720,
342084,
360449,
335592,
321044,
351202,
306398,
355691,
371254,
348295,
355721,
315729,
327689,
384577,
306886,
334561,
312851,
321273,
354066,
303267,
315796,
349712,
331872,
354031,
303356,
337188,
370070,
369659,
320706,
353353,
302953,
343731,
353663,
354783,
369292,
336106,
364312,
356417,
329339,
367087,
311847,
337668,
340952,
386588,
323268,
353060,
333051,
320251,
359777,
359289,
364584,
345598,
354295,
321958,
344397,
371106,
371629,
364860,
370088,
301574,
357260,
335479,
352543,
346276,
352683,
350371,
344729,
386596,
370681,
319708,
314099,
330108,
358088,
328294,
304883,
304051,
371777,
316148,
369411,
316881,
367397,
348082,
337374,
305472,
347507,
312347,
311715,
345709,
331341,
319384,
322571,
306126,
311375,
356123,
306762,
300713,
306100,
335517,
300136,
333662,
318566,
313211,
351407,
356581,
309907,
329886,
362140,
311294,
337871,
331651,
357022,
324345,
318388,
304468,
305227,
309087,
323993,
336858,
304395,
318035,
352314,
320862,
304344,
361615,
322831,
323926,
415014,
346209,
347108,
348261,
301744,
345458,
352179,
325031,
358096,
311618,
361941,
365777,
353027,
324159,
345776,
364070,
348244,
324566,
335215,
335541,
317012,
323055,
330566,
312592,
318213,
354325,
330264,
365238,
372561,
301060,
342386,
340251,
353876,
366064,
320897,
303844,
304123,
311961,
343684,
354279,
313084,
359033,
303178,
355577,
334154,
362573,
355593,
354627,
354996,
328308,
366340,
315648,
347736,
315494,
371564,
346951,
337498,
314587,
323357,
317896,
370975,
385620,
314242,
365530,
342131,
354619,
308811,
368148,
301124,
357715,
324175,
360414,
352519,
311146,
311944,
367613,
327468,
313971,
314781,
302228,
327352,
354678,
309524,
358282,
327638,
342343,
334847,
321087,
323004,
363286,
386901,
351776,
350648,
344788,
362832,
313149,
343765,
353698,
325082,
328031,
343722,
316458,
328375,
350346,
337561,
342157,
311057,
313475,
336467,
343153,
341819,
324213,
414573,
320838,
344141,
324523,
357138,
334511,
300870,
304158,
306665,
306959,
310131,
312509,
312649,
313955,
316741,
322261,
322547,
326089,
328073,
328596,
338559,
343315,
344150,
345270,
347230,
347361,
348066,
348406,
349534,
351792,
352861,
357065,
358169,
362620,
363774,
363944,
366145,
366811,
369233,
379778,
383520,
393321,
402834,
416576
